[gd_scene load_steps=13 format=2]

[ext_resource path="res://characters/player/player.gd" type="Script" id=1]
[ext_resource path="res://resources/shaders/outline.shader" type="Shader" id=3]

[sub_resource type="SphereShape" id=10]
radius = 0.315579

[sub_resource type="CapsuleShape" id=1]
radius = 0.52393
height = 1.89844

[sub_resource type="SphereMesh" id=2]
radius = 0.3
height = 0.6

[sub_resource type="ShaderMaterial" id=3]
shader = ExtResource( 3 )
shader_param/outline_thickness = 0.02
shader_param/outline_color = Color( 0, 0, 0, 1 )

[sub_resource type="Shader" id=4]
code = "//By David Lipps aka DaveTheDev @ EXPWorlds
//v2.0.0 for Godot 3.2

shader_type spatial;
render_mode ambient_light_disabled;

uniform bool use_shade = true;
uniform bool use_specular = false;
uniform bool use_rim = false;
uniform bool use_light = false;
uniform bool use_shadow = false;

uniform vec4 base_color : hint_color = vec4(1.0);
uniform vec4 shade_color : hint_color = vec4(1.0);
uniform vec4 specular_tint : hint_color = vec4(0.75);
uniform vec4 rim_tint : hint_color = vec4(0.75);

uniform float shade_threshold : hint_range(-1.0, 1.0, 0.001) = 0.0;
uniform float shade_softness : hint_range(0.0, 1.0, 0.001) = 0.01;

uniform float specular_glossiness : hint_range(1.0, 100.0, 0.1) = 15.0;
uniform float specular_threshold : hint_range(0.01, 1.0, 0.001) = 0.5;
uniform float specular_softness : hint_range(0.0, 1.0, 0.001) = 0.1;

uniform float rim_threshold : hint_range(0.00, 1.0, 0.001) = 0.25;
uniform float rim_softness : hint_range(0.0, 1.0, 0.001) = 0.05;
uniform float rim_spread : hint_range(0.0, 1.0, 0.001) = 0.5;

uniform float shadow_threshold : hint_range(0.00, 1.0, 0.001) = 0.7;
uniform float shadow_softness : hint_range(0.0, 1.0, 0.001) = 0.1;

uniform sampler2D base_texture: hint_albedo;
uniform sampler2D shade_texture: hint_albedo;

void light()
{
	float NdotL = dot(NORMAL, LIGHT);
	float is_lit = step(shade_threshold, NdotL);
	vec4 base = texture(base_texture, UV).rgba * base_color.rgba;
	vec4 shade = texture(shade_texture, UV).rgba * shade_color.rgba;
	vec4 diffuse = base;
	

	if (use_shade)
	{
		float shade_value = smoothstep(shade_threshold - shade_softness ,shade_threshold + shade_softness, NdotL);
		diffuse = mix(shade, base, shade_value);
		
		if (use_shadow)
		{
			float shadow_value = smoothstep(shadow_threshold - shadow_softness ,shadow_threshold + shadow_softness, ATTENUATION.r);
			shade_value = min(shade_value, shadow_value);
			diffuse = mix(shade, base, shade_value);
			is_lit = step(shadow_threshold, shade_value);
		}
	}
	
	if (use_specular)
	{
		vec3 half = normalize(VIEW + LIGHT);
		float NdotH = dot(NORMAL, half);
		
		float specular_value = pow(NdotH * is_lit, specular_glossiness * specular_glossiness);
		specular_value = smoothstep(specular_threshold - specular_softness, specular_threshold + specular_softness, specular_value);
		diffuse += specular_tint.rgba * specular_value;
	}
	
	if (use_rim)
	{
		float iVdotN = 1.0 - dot(VIEW, NORMAL);
		float inverted_rim_threshold = 1.0 - rim_threshold;
		float inverted_rim_spread = 1.0 - rim_spread;
		
		float rim_value = iVdotN * pow(NdotL, inverted_rim_spread);
		rim_value = smoothstep(inverted_rim_threshold - rim_softness, inverted_rim_threshold + rim_softness, rim_value);
		diffuse += rim_tint.rgba * rim_value * is_lit;
	}
	
	if (use_light)
	{
		diffuse *= vec4(LIGHT_COLOR, 1.0);
	}
	
	DIFFUSE_LIGHT = diffuse.rgb;
	ALPHA = diffuse.a;
}"

[sub_resource type="ShaderMaterial" id=5]
next_pass = SubResource( 3 )
shader = SubResource( 4 )
shader_param/use_shade = false
shader_param/use_specular = false
shader_param/use_rim = false
shader_param/use_light = false
shader_param/use_shadow = false
shader_param/base_color = Color( 1, 1, 1, 1 )
shader_param/shade_color = Color( 1, 1, 1, 1 )
shader_param/specular_tint = Color( 0.75, 0.75, 0.75, 0.75 )
shader_param/rim_tint = Color( 0.75, 0.75, 0.75, 0.75 )
shader_param/shade_threshold = 0.0
shader_param/shade_softness = 0.01
shader_param/specular_glossiness = 1.0
shader_param/specular_threshold = 0.5
shader_param/specular_softness = 0.1
shader_param/rim_threshold = 0.25
shader_param/rim_softness = 0.05
shader_param/rim_spread = 0.5
shader_param/shadow_threshold = 0.7
shader_param/shadow_softness = 0.1

[sub_resource type="CylinderMesh" id=6]
top_radius = 0.4
bottom_radius = 0.4
height = 1.0

[sub_resource type="CapsuleMesh" id=7]
radius = 0.09
mid_height = 0.75

[sub_resource type="CapsuleMesh" id=8]
radius = 0.09
mid_height = 0.75

[sub_resource type="CapsuleMesh" id=9]
radius = 0.12

[node name="player" type="KinematicBody"]
script = ExtResource( 1 )

[node name="head" type="CollisionShape" parent="."]
transform = Transform( 1, 0, 0, 0, 1, 0, 0, 0, 1, 0, 3.28137, 0 )
shape = SubResource( 10 )

[node name="body" type="CollisionShape" parent="."]
transform = Transform( -1.62921e-07, 1, -1.62921e-07, 0, -1.62921e-07, -1, -1, -1.62921e-07, 2.65431e-14, 0, 1.4755, 0 )
shape = SubResource( 1 )

[node name="CameraBase" type="Spatial" parent="."]
transform = Transform( 1, 0, 0, 0, 1, 0, 0, 0, 1, 0, 0.0202279, 0 )

[node name="TPCamera" type="Camera" parent="CameraBase"]
transform = Transform( 1, 0, 0, 0, 1, 0, 0, 0, 1, 0, 4.5219, 3.63201 )
fov = 90.0
size = 15.0

[node name="Mesh" type="Spatial" parent="."]
transform = Transform( -1.62921e-07, 0, 1, 0, 1, 0, -1, 0, -1.62921e-07, 0, -0.408068, 0 )

[node name="head" type="Spatial" parent="Mesh"]

[node name="head" type="MeshInstance" parent="Mesh/head"]
transform = Transform( 1, 0, 0, 0, 1, 0, 0, 0, 1, 0, 3.67888, 0 )
layers = 513
mesh = SubResource( 2 )
material/0 = SubResource( 5 )

[node name="FPCamera" type="Camera" parent="Mesh/head/head"]
transform = Transform( -1.62921e-07, 0, -1, 0, 1, 0, 1, 0, -1.62921e-07, 0.315048, -0.0349627, 5.1328e-08 )
fov = 90.0

[node name="torso" type="Spatial" parent="Mesh"]
transform = Transform( 1, 0, 0, 0, 1, 0, 0, 0, 1, 0, 0.148172, 0 )

[node name="torso" type="MeshInstance" parent="Mesh/torso"]
transform = Transform( 1, 0, 0, 0, 1, 0, 0, 0, 1, 0, 2.69235, 0 )
mesh = SubResource( 6 )
material/0 = SubResource( 5 )

[node name="left" type="Position3D" parent="Mesh/torso"]
transform = Transform( 0.559736, 0.309889, 0.768546, -0.739782, 0.604758, 0.294938, -0.373386, -0.733645, 0.567755, -0.00324077, 3.08095, -0.3 )
__meta__ = {
"_edit_group_": true
}

[node name="upper" type="MeshInstance" parent="Mesh/torso/left"]
transform = Transform( 0.986868, -0.0559773, 0.15152, 0.0571064, 0.998364, -0.00310808, -0.151098, 0.0117199, 0.98845, 7.82311e-08, 0.0358784, -0.409432 )
mesh = SubResource( 7 )
material/0 = SubResource( 5 )

[node name="elbow" type="Position3D" parent="Mesh/torso/left/upper"]
transform = Transform( 0.993991, 0.0828578, -0.0715254, -0.107718, 0.624378, -0.773659, -0.019445, 0.776715, 0.629551, 0.0151705, 0.0160303, -0.364251 )

[node name="hand" type="MeshInstance" parent="Mesh/torso/left/upper/elbow"]
transform = Transform( 1, -2.23517e-08, 2.98023e-08, -7.45058e-09, 1, 1.11759e-08, 8.9407e-08, 1.49012e-08, 1, -0.0156998, -0.0176644, -0.414629 )
mesh = SubResource( 8 )
material/0 = SubResource( 5 )

[node name="right" type="Position3D" parent="Mesh/torso"]
transform = Transform( -0.328167, 0.542143, -0.773554, 0.867357, 0.497307, -0.0194252, 0.374162, -0.677323, -0.633432, 0.00324077, 3.09105, 0.3 )
__meta__ = {
"_edit_group_": true
}

[node name="upper" type="MeshInstance" parent="Mesh/torso/right"]
transform = Transform( 1, 1.49012e-08, -2.98023e-08, 5.96046e-08, 1, 0, -2.98023e-08, 0, 1, 1.19209e-07, 2.38419e-07, -0.409 )
mesh = SubResource( 7 )
material/0 = SubResource( 5 )

[node name="elbow" type="Position3D" parent="Mesh/torso/right/upper"]
transform = Transform( 0.806064, -0.562805, 0.183063, 0.511444, 0.506773, -0.693979, 0.297803, 0.653017, 0.696334, 0.000686333, 0.030988, -0.378641 )

[node name="hand" type="MeshInstance" parent="Mesh/torso/right/upper/elbow"]
transform = Transform( 1, 0, -5.96046e-08, -7.45058e-09, 1, -2.42144e-08, 2.98023e-08, 0, 1, -0.0154518, -0.0206649, -0.403422 )
mesh = SubResource( 8 )
material/0 = SubResource( 5 )

[node name="legs" type="Spatial" parent="Mesh"]
transform = Transform( 0.998068, 0, -0.0621286, 0, 1, 0, 0.0621286, 0, 0.998068, 0, 0.23107, 0 )

[node name="right" type="Position3D" parent="Mesh/legs"]
transform = Transform( 1, 0, 0, 0, 1, 0, 0, 0, 1, 0.0274313, 2.23576, 0.193319 )

[node name="upper" type="MeshInstance" parent="Mesh/legs/right"]
transform = Transform( 1, 0, -2.98023e-08, -2.98023e-08, -1.61119e-07, -1, -7.45058e-09, 1, -1.66707e-07, -0.0171196, -0.421865, 0.019 )
mesh = SubResource( 9 )
material/0 = SubResource( 5 )

[node name="knee" type="Position3D" parent="Mesh/legs/right/upper"]
transform = Transform( 1, -2.98023e-08, 0, 7.45058e-09, -1.66707e-07, 1, -2.98023e-08, -1, -1.61119e-07, 0.00755217, -0.00429313, 0.487109 )

[node name="lower" type="MeshInstance" parent="Mesh/legs/right/upper/knee"]
transform = Transform( 0.999998, 1.11759e-08, -1.19209e-07, -2.38419e-07, -1.49012e-07, -0.999999, 6.70552e-08, 0.999999, -1.45286e-07, -0.000300884, -0.510887, 0.010267 )
mesh = SubResource( 9 )
material/0 = SubResource( 5 )

[node name="left" type="Position3D" parent="Mesh/legs"]
transform = Transform( 0.143684, -0.988187, 0.0533046, 0.988187, 0.140366, -0.0615133, 0.0533046, 0.0615134, 0.996682, -0.0102438, 2.23576, -0.210141 )

[node name="upper" type="MeshInstance" parent="Mesh/legs/left"]
transform = Transform( 1, 0, 0, 2.98023e-08, -1.62981e-07, -1, -7.45058e-09, 1, -1.62981e-07, 0.00711972, -0.421865, 0.019 )
mesh = SubResource( 9 )
material/0 = SubResource( 5 )

[node name="knee" type="Position3D" parent="Mesh/legs/left/upper"]
transform = Transform( -0.118971, 0.990452, 0.0696545, 0.0696547, -0.0616543, 0.995664, 0.990451, 0.123307, -0.0616545, 0.00958109, -0.0103616, 0.53348 )

[node name="lower" type="MeshInstance" parent="Mesh/legs/left/upper/knee"]
transform = Transform( 1, 1.49012e-08, 2.98023e-07, 2.38419e-07, -1.86265e-07, -1, -1.49012e-08, 1, -1.41561e-07, -0.00331423, -0.518717, 0.0107999 )
mesh = SubResource( 9 )
material/0 = SubResource( 5 )

[node name="DirectionalLight" type="DirectionalLight" parent="."]
transform = Transform( 1, 0, 0, 0, -1.62921e-07, 1, 0, -1, -1.62921e-07, 0, 8, 0 )
light_color = Color( 0, 0, 0, 1 )
shadow_enabled = true
